10 5 66.6667 9
10 10 70.6061 3
10 15 52.8788 0
10 20 48.7576 0
10 25 40.9394 0
10 30 138.061 0
10 35 0 11
10 40 0 11
10 45 0 11
10 50 0 11

20 5 84.2727 9
20 10 67.5152 0
20 15 43.1515 3
20 20 31.6061 1
20 25 26.3939 0
20 30 17.8182 0
20 35 19.303 0
20 40 18 0
20 45 23 0
20 50 56.2121 0

30 5 94.3939 7
30 10 73.6364 0
30 15 64.1515 0
30 20 31.3939 1
30 25 39.4242 2
30 30 37.5455 0
30 35 21.9394 0
30 40 14.7879 0
30 45 18.5758 0
30 50 15.2727 0

40 5 0 11
40 10 86.5455 0
40 15 61.6061 1
40 20 62.5152 1
40 25 51.3636 0
40 30 35.6364 0
40 35 38.1515 1
40 40 30.6667 0
40 45 14.3636 0
40 50 15.6667 0

50 5 0 11
50 10 82.4242 5
50 15 70.4242 0
50 20 72.1515 2
50 25 48.9394 1
50 30 31.4242 0
50 35 27.6061 2
50 40 21.5758 0
50 45 22.6364 0
50 50 15.7273 0

60 5 0 11
60 10 117.091 2
60 15 85.9697 2
60 20 54.8182 1
60 25 43.0606 1
60 30 39.5152 0
60 35 35.7879 0
60 40 36.5152 0
60 45 14.8485 0
60 50 20.8182 0

70 5 0 11
70 10 117.333 4
70 15 76.0909 3
70 20 48.8485 0
70 25 61 1
70 30 45.2424 1
70 35 41.1515 0
70 40 36.1515 2
70 45 18.8788 0
70 50 25.303 0

80 5 0 11
80 10 155.879 2
80 15 83.8485 0
80 20 69.4545 1
80 25 60.7273 1
80 30 36.3333 0
80 35 61.5758 0
80 40 27.4848 0
80 45 18.3636 0
80 50 22.9697 0

90 5 0 11
90 10 154.848 2
90 15 111 0
90 20 76.9394 1
90 25 58.7576 0
90 30 75.6667 0
90 35 33.1515 0
90 40 45.697 0
90 45 21.0606 0
90 50 19.9697 0
