10 5 0 11
10 10 96.3636 0
10 15 0 11
10 20 0 11
10 25 0 11
10 30 0 11
10 35 0 11
10 40 0 11
10 45 0 11
10 50 0 11

20 5 93.7576 10
20 10 65.4848 0
20 15 65.5455 0
20 20 41.9091 0
20 25 84.6667 0
20 30 0 11
20 35 0 11
20 40 0 11
20 45 0 11
20 50 0 11

30 5 99.5758 6
30 10 79.0909 0
30 15 47.0606 0
30 20 51.3636 0
30 25 41 0
30 30 31.303 0
30 35 79.9091 0
30 40 0 11
30 45 0 11
30 50 0 11

40 5 126.182 4
40 10 93.0606 1
40 15 67.3939 0
40 20 52.303 0
40 25 38.4545 0
40 30 35.4545 0
40 35 21.3333 0
40 40 25.1818 0
40 45 112.697 2
40 50 0 11

50 5 121.455 8
50 10 88.7576 2
50 15 49.1818 1
50 20 36.7273 0
50 25 36.5455 0
50 30 28.7879 0
50 35 27.8788 0
50 40 19.0606 0
50 45 21 0
50 50 40.7273 0

60 5 0 11
60 10 88.5758 0
60 15 61.5455 3
60 20 46.5152 1
60 25 43.7879 0
60 30 30.9091 0
60 35 28.3333 0
60 40 28 0
60 45 18.4242 0
60 50 18.4242 0

70 5 0 11
70 10 91.7879 1
70 15 80.9091 0
70 20 53.4848 0
70 25 42.697 1
70 30 34.303 1
70 35 27.4848 0
70 40 19.5455 0
70 45 22.7273 0
70 50 15.2727 0

80 5 151.03 10
80 10 110.061 0
80 15 88.5455 0
80 20 48.4848 1
80 25 56.1212 0
80 30 34.5152 0
80 35 30.5455 0
80 40 21 0
80 45 27.4242 0
80 50 19.4242 0

90 5 0 11
90 10 116.303 1
90 15 81.6061 1
90 20 70 0
90 25 41.5455 0
90 30 46.1515 0
90 35 35.2727 1
90 40 31.5758 0
90 45 27.2121 1
90 50 18.9697 0